a=10;
b=20;
c=200;
d=10;
e=10;
f=30;