a=40;
b=30;
c=200;
d=10;
e=10;
f=30;