a=20;
b=20;
c=100;
d=10;
e=10;
f=10;