a=50;
b=30;
c=250;
d=20;
e=10;
f=20;