a=20;
b=20;
c=200;
d=5;
e=5;
f=10;