a=25;
b=20;
c=300;
d=15;
e=10;
f=20;