a = 30
b = 40
c = 267
d = 400
e = 400

f = (c^2*(a^2/6 + (a*b)/3 + b^2/6 + (83*d)/216 + (29*e)/216))/((a + b/2 + c)^2 - c^2)


a = 20
b = 10
c = 234.8
d = 100
e = 100

f = (c^2*(a^2/6 + (a*b)/3 + b^2/6 + (83*d)/216 + (29*e)/216))/((a + b/2 + c)^2 - c^2)


a = 46.90168176;
b = 46.73126615;
c = 154.9775;
d = 567.9462796;
e = 427.8239681;

f = (c^2*(a^2/6 + (a*b)/3 + b^2/6 + (83*d)/216 + (29*e)/216))/((a + b/2 + c)^2 - c^2);
sd = f^.5