
%AB
ABlan  =    [170	165	155	155	145	145	170	140	160	165	150	160	165	165	;
             187.5	187.5	180	172.5	165	167.5	190	157.5	172.5	177.5	170	175	177.5	180];
ABflan =    [150	145	165	160	140	150	145	170	150	150	135	145	145 ;
             205	201.25	238.75	226.25	201.25	207.5	196.25	231.25	203.75	206.25	178.75	202.5	205];
ABkflan =   [175	160	145	150	135	135	135	145	150	155	145	140	155	165	140;
             295.8333333	285	267.5	268.3333333	250	245	245.8333333	262.5	261.6666667	271.6666667	250.8333333	252.5	270.8333333	280.8333333	250];

ABbulha =   [130	135	135	40	105	115	135	135	55	125	135	130	100	130;
             150	160	157.5	97.5	125	130	155	155	112.5	150	150	147.5	125	150];
ABsbulha =  [140	105	165	70	115	160	145	165	45	135	155	165	150	95;
             190	186.25	218.75	190	197.5	223.75	196.25	212.5	185	187.5	207.5	216.25	211.25	191.25];
ABksbulha = [130	120	115	150	135	150	100	140	165	75	60	60	120	145;
             251.6666667	235.8333333	230.8333333	261.6666667	240	247.5	233.3333333	238.3333333	267.5	239.1666667	227.5	220	225.8333333	250];

ABkulha = [140	150	155	155	150	165	170	155	170	165	155	180	155	165;
           177.5	177.5	185	182.5	192.5	187.5	195	185	195	190	177.5	205	180	185];
ABskulha = [155	135	140	150	140	120	155	125	155	150	150	145	165	155	135;
            205	206.25	195	182.5	180	181.25	217.5	171.25	202.5	192.5	202.5	192.5	226.25	226.25	183.75];
ABmskulha = [145	150	135	135	135	145	125	165	140	145	145	130	150	135;
             272.5	254.1666667	238.3333333	257.5	247.5	258.3333333	229.1666667	263.3333333	240	221.6666667	225.8333333	235	245.8333333	235];
        
datacell = {ABlan,ABflan,ABkflan,ABbulha,ABsbulha,ABksbulha,ABkulha,ABskulha,ABmskulha};