%arrays with interval tokens; 1st row is REM, 2nd is CCM

%CZ
CZlan =   [105 125 130 130 115 135 115 130 120 126.3 120 130 135; 
           122.5 147.5 147.5 145 130 155 135 145 137.5 138.8 140 145 152.5];
CZflan =  [125 110 110 115 115 110 115 110 105 115 105 110 110 115;
           185 166.25 165 163.75 173.75 166.25 173.75 168.75 163.75 171.25 165 161.25 168.75 173.75];
CZkflan = [100 120 115 105 115 120 100 110 115 110 110 110 115 115 105;
           197.5 211.6666667 215.8333333 206.6666667 220.8333333 221.6666667 191.6666667 206.6666667 219.1666667 216.6666667 211.6666667 211.6666667 211.6666667 223.3333333 207.5];

CZbulha =   [115	125	95	125	110	120	115	115	110	120	125	115	110	105;
             132.5	135	117.5	132.5	125	137.5	132.5	130	122.5	132.5	137.5	125	117.5	120];
CZsbulha =  [115	130	110	105	115	90	105	95	95	110	110	105	110	80;
             167.5	178.75	163.75	163.75	157.5	162.5	155	153.75	163.75	181.25	155	152.5	167.5	138.75];    
CZksbulha = [115	125	115	120	130	115	110	90	105	115	125	75	110;
             219.1666667	230.8333333	221.6666667	219.1666667	219.1666667	214.1666667	207.5	201.6666667	202.5	211.6666667	221.6666667	212.5	215];

CZkulha =   [110	125	135	135	165	115	120	200	135	170	125	145	130	140;
             142.5	157.5	172.5	167.5	180	150	147.5	212.5	162.5	187.5	160	165	162.5	175];
CZskulha =  [130	120	130	100	105	110	115	115	120	145	105	115	120	110;
             187.5	177.5	190	172.5	175	171.25	155	173.75	183.75	206.25	173.75	157.5	171.25	188.75];
CZmskulha = [125	120	140	120	120	110	105	115	125	140	120	145	95	125;
             225	236.6666667	236.6666667	228.3333333	217.5	217.5	213.3333333	221.6666667	222.5	225.8333333	227.5	250.8333333	227.5	211.6666667];


datacell = {CZlan,CZflan,CZkflan,CZbulha,CZsbulha,CZksbulha,CZkulha,CZskulha,CZmskulha};