%arrays with interval tokens; 1st row is REM, 2nd is CCM

%CZ
CZlan =   [105 125 130 130 115 135 115 130 120 126.3 120 130 135 125 110 110 115 115 110 115 110 105 115 105 110 110 115 100 120 115 105 115 120 100 110 115 110 110 110 115 115 105; 
           122.5 147.5 147.5 145 130 155 135 145 137.5 138.8 140 145 152.5 185 166.25 165 163.75 173.75 166.25 173.75 168.75 163.75 171.25 165 161.25 168.75 173.75 197.5 211.6666667 215.8333333 206.6666667 220.8333333 221.6666667 191.6666667 206.6666667 219.1666667 216.6666667 211.6666667 211.6666667 211.6666667 223.3333333 207.5];

CZbulha =   [115	125	95	125	110	120	115	115	110	120	125	115	110	105 115	130	110	105	115	90	105	95	95	110	110	105	110	80 115	125	115	120	130	115	110	90	105	115	125	75	110;
             132.5	135	117.5	132.5	125	137.5	132.5	130	122.5	132.5	137.5	125	117.5	120 167.5	178.75	163.75	163.75	157.5	162.5	155	153.75	163.75	181.25	155	152.5	167.5	138.75 219.1666667	230.8333333	221.6666667	219.1666667	219.1666667	214.1666667	207.5	201.6666667	202.5	211.6666667	221.6666667	212.5	215];

CZkulha =   [110	125	135	135	165	115	120	200	135	170	125	145	130	140 130	120	130	100	105	110	115	115	120	145	105	115	120	110 125	120	140	120	120	110	105	115	125	140	120	145	95	125;
             142.5	157.5	172.5	167.5	180	150	147.5	212.5	162.5	187.5	160	165	162.5	175 187.5	177.5	190	172.5	175	171.25	155	173.75	183.75	206.25	173.75	157.5	171.25	188.75 225	236.6666667	236.6666667	228.3333333	217.5	217.5	213.3333333	221.6666667	222.5	225.8333333	227.5	250.8333333	227.5	211.6666667];

%AB
ABlan  =    [170	165	155	155	145	145	170	140	160	165	150	160	165	165	150	145	165	160	140	150	145	170	150	150	135	145	145 175	160	145	150	135	135	135	145	150	155	145	140	155	165	140;
             187.5	187.5	180	172.5	165	167.5	190	157.5	172.5	177.5	170	175	177.5	180 205	201.25	238.75	226.25	201.25	207.5	196.25	231.25	203.75	206.25	178.75	202.5	205  295.8333333	285	267.5	268.3333333	250	245	245.8333333	262.5	261.6666667	271.6666667	250.8333333	252.5	270.8333333	280.8333333	250];

ABbulha =   [130	135	135	40	105	115	135	135	55	125	135	130	100	130 140	105	165	70	115	160	145	165	45	135	155	165	150	95 130	120	115	150	135	150	100	140	165	75	60	60	120	145;
             150	160	157.5	97.5	125	130	155	155	112.5	150	150	147.5	125	150 190	186.25	218.75	190	197.5	223.75	196.25	212.5	185	187.5	207.5	216.25	211.25	191.25 251.6666667	235.8333333	230.8333333	261.6666667	240	247.5	233.3333333	238.3333333	267.5	239.1666667	227.5	220	225.8333333	250];

ABkulha = [140	150	155	155	150	165	170	155	170	165	155	180	155	165 155	135	140	150	140	120	155	125	155	150	150	145	165	155	135 145	150	135	135	135	145	125	165	140	145	145	130	150	135;
           177.5	177.5	185	182.5	192.5	187.5	195	185	195	190	177.5	205	180	185 205	206.25	195	182.5	180	181.25	217.5	171.25	202.5	192.5	202.5	192.5	226.25	226.25	183.75 272.5	254.1666667	238.3333333	257.5	247.5	258.3333333	229.1666667	263.3333333	240	221.6666667	225.8333333	235	245.8333333	235];
        
%OB
OBlan =     [170	190	190	180	215	170	165	230	165	180	200	165	150	160	145 200	165	185	210	185	175	175	175	155	185	165	190	165	155	165 215	205	185	195	175	220	180	165	180	175	175	170	160	165;
             192.5	217.5	212.5	200	247.5	207.5	200	265	187.5	217.5	225	185	175	177.5	182.5 307.5	260	278.75	305	278.75	271.25	266.25	267.5	246.25	258.75	252.5	283.75	240	230	238.75 380	345	322.5	343.3333333	319.1666667	375.8333333	328.3333333	293.3333333	318.3333333	323.3333333	325	308.3333333	290	290.8333333];

OBbulha =   [220	250	265	270	210	220	230	255	205	235	230	260	165	215	195 225	260	185	230	175	255	205	235	175	280	215	230	190	200	175 210	190	210	245	210	200	215	235	190	240	245	180	175	200	210;
             240	275	280	287.5	235	237.5	252.5	270	225	250	247.5	277.5	187.5	235	212.5 287.5	326.25	255	295	275	305	275	277.5	252.5	333.75	291.25	285	261.25	263.75	252.5 330	310.8333333	323.3333333	362.5	324.1666667	323.3333333	325.8333333	352.5	290.8333333	317.5	348.3333333	310	275.8333333	303.3333333	309.1666667];

OBkulha =   [225	230	250	230	195	195	275	210	200	240	265	195	270	185	210 235	225	205	240	225	215	200	230	210	215	195	180	175	185	165 235	225	205	225	205	215	215	235	225	210	190	205	180	165	175;
             275	280	295	275	245	250	305	257.5	242.5	290	307.5	237.5	295	225	242.5 320	345	310	325	297.5	312.5	296.25	328.75	305	298.75	282.5	282.5	262.5	271.25	250 376.6666667	369.1666667	344.1666667 366.6666667	358.3333333	365.8333333	350	375.8333333	353.3333333	338.3333333	333.3333333	328.3333333	318.3333333	298.3333333	307.5];


%data structure with all
datacell = {CZlan,CZbulha,CZkulha,ABlan,ABbulha,ABkulha,OBlan,OBbulha,OBkulha};