
%OB
OBlan =     [170	190	190	180	215	170	165	230	165	180	200	165	150	160	145;
             192.5	217.5	212.5	200	247.5	207.5	200	265	187.5	217.5	225	185	175	177.5	182.5];
OBflan =    [200	165	185	210	185	175	175	175	155	185	165	190	165	155	165;
             307.5	260	278.75	305	278.75	271.25	266.25	267.5	246.25	258.75	252.5	283.75	240	230	238.75];
OBkflan =   [215	205	185	195	175	220	180	165	180	175	175	170	160	165;
             380	345	322.5	343.3333333	319.1666667	375.8333333	328.3333333	293.3333333	318.3333333	323.3333333	325	308.3333333	290	290.8333333];

OBbulha =   [220	250	265	270	210	220	230	255	205	235	230	260	165	215	195;
             240	275	280	287.5	235	237.5	252.5	270	225	250	247.5	277.5	187.5	235	212.5];
OBsbulha =  [225	260	185	230	175	255	205	235	175	280	215	230	190	200	175;
             287.5	326.25	255	295	275	305	275	277.5	252.5	333.75	291.25	285	261.25	263.75	252.5];
OBksbulha = [210	190	210	245	210	200	215	235	190	240	245	180	175	200	210;
             330	310.8333333	323.3333333	362.5	324.1666667	323.3333333	325.8333333	352.5	290.8333333	317.5	348.3333333	310	275.8333333	303.3333333	309.1666667];

OBkulha =   [225	230	250	230	195	195	275	210	200	240	265	195	270	185	210;
             275	280	295	275	245	250	305	257.5	242.5	290	307.5	237.5	295	225	242.5];
OBskulha =  [235	225	205	240	225	215	200	230	210	215	195	180	175	185	165;
             320	345	310	325	297.5	312.5	296.25	328.75	305	298.75	282.5	282.5	262.5	271.25	250];
OBmskulha = [235	225	205	225	205	215	215	235	225	210	190	205	180	165	175;
             376.6666667	369.1666667	344.1666667 ...
             366.6666667	358.3333333	365.8333333	350	375.8333333	353.3333333	338.3333333	333.3333333	328.3333333	318.3333333	298.3333333	307.5];

datacell = {OBlan,OBflan,OBkflan,OBbulha,OBsbulha,OBksbulha,OBkulha,OBskulha,OBmskulha};